# Sonic Visualizer Label Layer
0.0000	
0.7663	
1.4629	
2.1362	
2.4149	
3.2972	
7.4304	
7.5697	
7.6161	
7.7555	
7.8483	
8.0805	
8.3360	
8.4521	
8.5449	
8.6378	
8.7075	
8.8932	
9.1022	
9.9381	
10.0775	
10.7973	
10.9366	
11.0527	
11.2617	
11.3313	
11.5868	
11.7725	
12.4691	
12.6317	
12.8174	
12.9335	
13.1657	
13.3283	
13.4676	
13.5837	
13.7462	
14.3267	
14.3732	
14.4660	
14.6054	
14.7447	
14.8840	
15.0233	
15.3252	
15.4413	
15.5341	
15.7199	
15.8128	
15.9985	
16.0914	
16.2307	
16.4397	
16.5558	
16.6719	
16.8809	
17.0434	
17.1363	
17.4614	
17.6704	
17.8329	
18.4366	
18.5992	
18.7153	
18.9707	
19.1100	
19.5512	
19.7137	
20.0156	
20.2014	
20.3407	
20.4568	
20.6425	
20.8051	
21.0605	
21.1534	
21.2695	
21.4088	
21.5249	
21.6642	
21.7339	
21.9661	
22.3840	
22.4537	
22.7091	
22.8020	
22.8949	
23.1967	
23.2896	
23.4522	
23.6147	
24.0094	
24.0791	
24.3577	
24.4738	
24.7757	
24.9150	
25.0543	
25.1704	
25.2169	
25.8670	
25.9831	
26.2153	
26.3314	
26.4707	
27.0977	
27.2138	
27.4460	
27.6317	
27.7711	
28.0033	
28.0961	
28.2122	
28.2587	
28.6766	
28.8392	
28.9785	
29.2804	
29.3965	
29.6751	
29.7912	
30.0466	
30.1859	
30.3020	
30.3717	
31.0683	
31.1844	
31.3005	
31.4863	
31.6488	
31.7649	
31.9739	
32.0900	
32.6937	
32.9259	
33.0420	
33.1813	
33.3206	
33.5761	
33.6922	
34.1101	
34.3423	
34.4816	
34.5745	
34.6906	
34.9228	
35.1086	
35.4337	
35.6194	
35.8516	
35.9445	
36.0838	
36.1999	
36.3857	
36.5018	
36.6875	
36.8965	
37.0823	
37.2912	
37.3609	
37.6163	
37.8253	
37.9182	
38.0343	
38.1968	
38.3826	
38.4290	
38.4755	
38.7541	
39.3810	
39.5436	
39.6829	
39.8687	
39.9383	
40.0544	
40.1937	
40.3098	
40.6117	
40.9136	
41.2154	
41.5173	
41.6334	
41.8191	
41.9120	
42.0049	
42.0978	
42.1907	
42.3068	
42.4229	
42.6551	
42.7712	
43.0034	
43.0962	
43.4445	
43.5839	
43.7232	
43.8857	
44.1411	
44.2572	
44.5823	
44.6984	
44.7913	
45.0235	
45.4182	
45.5343	
45.6737	
46.0916	
46.2077	
46.3006	
46.4863	
46.9507	
47.0436	
47.2990	
47.5312	
47.6706	
47.8099	
48.0885	
48.1814	
48.5065	
48.6226	
48.7619	
48.9244	
49.2727	
49.6443	
49.7836	
49.9926	
50.1319	
50.2248	
50.2712	
50.4105	
50.8517	
51.0142	
51.1768	
51.3625	
51.5251	
51.6644	
51.8037	
51.9430	
52.0824	
52.6396	
52.7325	
52.8951	
53.0344	
53.1273	
53.2201	
53.4291	
53.5452	
53.6613	
53.8006	
53.9167	
54.0561	
54.1954	
54.3347	
54.4972	
54.6830	
54.7991	
55.4493	
55.5421	
55.6350	
55.8208	
56.0298	
56.3316	
56.4245	
56.7031	
56.8192	
56.9353	
57.1211	
57.3068	
57.3533	
57.5623	
57.6784	
57.8177	
58.0267	
58.1660	
58.3053	
58.3982	
58.4446	
58.7233	
58.8394	
59.0483	
59.2573	
59.3966	
59.5127	
59.6288	
59.8610	
59.9539	
60.2326	
60.5809	
60.7202	
60.8363	
60.9756	
61.0917	
61.1381	
61.4864	
61.5793	
61.7419	
61.8580	
61.9741	
62.1366	
62.2759	
62.5313	
62.6707	
62.8100	
62.9725	
63.1351	
63.2047	
63.5066	
63.6227	
63.7620	
63.8781	
64.0406	
64.1567	
64.2032	
64.3193	
64.4818	
64.6676	
64.7140	
64.9230	
65.0391	
65.2249	
65.3874	
65.5267	
65.7589	
65.8750	
65.9447	
66.6180	
66.6645	
66.8502	
66.9199	
67.5236	
67.7094	
67.9880	
68.0809	
68.3131	
68.6846	
68.8007	
68.9400	
69.0097	
69.1258	
69.3348	
69.4509	
69.7295	
69.9385	
70.0778	
70.2636	
70.3100	
70.4261	
70.5422	
70.6815	
70.8673	
71.4710	
71.6103	
71.7264	
71.8425	
71.9586	
72.2141	
72.3069	
72.4463	
72.5856	
72.7017	
72.9339	
73.0500	
73.2125	
73.3286	
73.5144	
73.6305	
73.7234	
73.8162	
74.0949	
74.3967	
74.5593	
74.6522	
74.7683	
74.8844	
75.0005	
75.3952	
75.6274	
75.7435	
75.8596	
76.1847	
76.2776	
76.3937	
76.6026	
76.7884	
77.0438	
77.1135	
77.2296	
77.4153	
77.6243	
77.8101	
77.9262	
78.4138	
78.6924	
78.8317	
79.0175	
79.1800	
79.2497	
79.4122	
79.5283	
